MSE: 46.91796787513998
PSNR: 31.417411673077392 dB