MSE: 77.95584581466966
PSNR: 29.212316729035383 dB